-0.705993652343750
-0.620666503906250
-0.716369628906250
-1.487731933593750
-0.238037109375000
0.049499511718750
0.862243652343750
-0.267639160156250
1.128417968750000
0.603454589843750
-1.527709960937500
-1.672607421875000
-0.165222167968750
-1.123657226562500
2.049255371093750
-0.787170410156250
0.666931152343750
0.331237792968750
-0.131896972656250
-1.223266601562500
0.333557128906250
-0.168823242187500
-1.218566894531250
0.527038574218750
-1.072082519531250
0.803527832031250
-0.246032714843750
-0.423583984375000
-1.906372070312500
-0.468139648437500
1.234130859375000
-0.001892089843750
0.455444335937500
-1.152648925781250
1.150817871093750
1.579406738281250
1.652221679687500
0.839965820312500
-1.452697753906250
0.380737304687500
0.146240234375000
-0.435729980468750
1.349670410156250
-0.453918457031250
-0.795593261718750
0.649658203125000
-0.704528808593750
0.888671875000000
1.331604003906250
-0.569030761718750
-0.267517089843750
-0.833862304687500
-0.062194824218750
0.485656738281250
0.439880371093750
0.245361328125000
1.029785156250000
0.697753906250000
0.736999511718750
-0.221374511718750
0.044616699218750
-0.037536621093750
-0.900756835937500
0.217956542968750
0.438354492187500
1.222473144531250
0.901550292968750
-1.477355957031250
1.369873046875000
2.541870117187500
-0.975402832031250
2.371337890625000
-0.091552734375000
-0.478698730468750
0.405151367187500
0.508728027343750
-0.815734863281250
-1.525939941406250
-0.025939941406250
-0.766174316406250
-0.242858886718750
0.279418945312500
-0.308288574218750
0.360717773437500
0.829467773437500
-1.872619628906250
0.046203613281250
-0.319030761718750
0.203491210937500
0.524841308593750
0.010742187500000
-0.567443847656250
-0.258239746093750
-0.448181152343750
0.646789550781250
-0.982177734375000
0.853271484375000
-2.968872070312500
-0.254394531250000
-0.201110839843750
0.469665527343750
-0.191406250000000
1.186340332031250
-0.363830566406250
0.864501953125000
-0.512695312500000
-0.223327636718750
-1.038574218750000
0.092285156250000
2.128112792968750
0.265686035156250
-1.505798339843750
-0.463195800781250
-0.361938476562500
2.713867187500000
1.326660156250000
-0.055603027343750
-0.802185058593750
0.825256347656250
-1.087463378906250
1.138244628906250
-1.601684570312500
-1.743103027343750
0.761413574218750
-1.300292968750000
0.390686035156250
-0.438415527343750
0.930114746093750
-0.090087890625000
0.443054199218750
-0.210998535156250
0.033447265625000
-1.575805664062500
-0.403076171875000
-0.972412109375000
-1.624877929687500
0.254943847656250
-0.007263183593750
1.034606933593750
0.417907714843750
-1.389892578125000
0.745117187500000
0.395629882812500
-0.875732421875000
0.649536132812500
0.982055664062500
0.509094238281250
1.240356445312500
0.931213378906250
0.874938964843750
1.162841796875000
0.466796875000000
-0.749450683593750
0.516113281250000
-1.092285156250000
0.177917480468750
-2.087280273437500
-0.093200683593750
-0.331970214843750
-0.230224609375000
0.549438476562500
-0.399963378906250
0.109741210937500
1.425598144531250
-0.285888671875000
0.155151367187500
-0.281005859375000
1.066772460937500
1.779235839843750
2.332641601562500
-0.679382324218750
2.393188476562500
-0.467224121093750
0.342773437500000
-0.557373046875000
-1.941650390625000
1.814941406250000
-0.739929199218750
-0.639648437500000
0.308532714843750
0.230712890625000
0.372680664062500
1.291564941406250
-0.845581054687500
-1.449951171875000
0.046386718750000
-0.019531250000000
0.219970703125000
0.395080566406250
1.209411621093750
1.082946777343750
-0.548278808593750
-0.451354980468750
-1.509338378906250
-1.071105957031250
-0.310363769531250
0.127136230468750
0.529296875000000
-1.078918457031250
-1.277526855468750
0.524169921875000
0.091918945312500
0.295715332031250
-0.884399414062500
0.861633300781250
-1.349182128906250
-1.225708007812500
-0.048217773437500
0.857299804687500
-0.071411132812500
0.602905273437500
0.247009277343750
2.457275390625000
0.850891113281250
1.356872558593750
0.500854492187500
-0.492370605468750
-1.986999511718750
0.198120117187500
3.881225585937500
-0.123107910156250
-0.221069335937500
1.656860351562500
0.522766113281250
-1.149291992187500
0.062072753906250
0.609069824218750
-0.101867675781250
0.075866699218750
-0.631103515625000
1.386779785156250
1.463745117187500
0.540832519531250
2.260864257812500
0.108398437500000
0.730773925781250
1.018798828125000
1.802673339843750
-0.472412109375000
0.394104003906250
-0.384887695312500
-0.443603515625000
-0.835754394531250
-0.149047851562500
0.742858886718750
0.223022460937500
-0.872741699218750
-0.543334960937500
-0.459289550781250
0.206054687500000
0.491760253906250
1.919921875000000
-0.567138671875000
1.132812500000000
-0.077087402343750
-2.108825683593750
0.109191894531250
-0.493652343750000
0.119201660156250
-2.110046386718750
0.759887695312500
0.252563476562500
0.893310546875000
0.232055664062500
-0.544860839843750
2.119445800781250
-0.725036621093750
0.299499511718750
1.603210449218750
0.129638671875000
1.105285644531250
0.223632812500000
0.885864257812500
1.593994140625000
0.033447265625000
-0.473144531250000
0.773742675781250
-0.144287109375000
-0.149230957031250
0.371154785156250
0.656250000000000
1.763488769531250
0.717285156250000
1.671813964843750
-1.016723632812500
0.336486816406250
0.384033203125000
-0.372070312500000
0.128967285156250
-0.342102050781250
1.157531738281250
-1.011291503906250
0.827941894531250
-1.116210937500000
-0.158935546875000
1.823913574218750
0.785461425781250
-0.800292968750000
-0.425659179687500
0.722717285156250
-0.240234375000000
0.761596679687500
0.403625488281250
-0.978759765625000
-0.232727050781250
-0.071716308593750
1.071533203125000
-0.287841796875000
0.094970703125000
0.430175781250000
-0.758178710937500
-0.768615722656250
-0.340820312500000
-0.419311523437500
-0.625732421875000
0.941467285156250
-0.806762695312500
0.695556640625000
-0.199890136718750
-0.173095703125000
1.195190429687500
-1.248168945312500
-1.014953613281250
-0.928527832031250
0.294494628906250
0.240356445312500
0.815368652343750
-0.030639648437500
-1.019714355468750
-0.182800292968750
-0.902282714843750
0.277221679687500
-0.249450683593750
0.242309570312500
-0.196594238281250
-2.576965332031250
-0.271179199218750
-0.434753417968750
-0.040893554687500
1.197692871093750
-1.930297851562500
1.944274902343750
0.029479980468750
1.325134277343750
0.612060546875000
0.468383789062500
0.546203613281250
0.924682617187500
0.079711914062500
0.743103027343750
0.073059082031250
1.042114257812500
-1.656555175781250
1.551757812500000
0.763305664062500
1.464538574218750
-0.259765625000000
-0.969726562500000
-0.942138671875000
-0.171386718750000
-0.251525878906250
-0.664062500000000
-0.672302246093750
1.159240722656250
2.064758300781250
-0.018554687500000
0.591430664062500
0.358276367187500
-0.696166992187500
-1.091308593750000
-0.128601074218750
-0.646057128906250
-0.735900878906250
-0.606750488281250
3.229064941406250
0.861633300781250
-0.523864746093750
-1.992919921875000
0.473266601562500
-1.871948242187500
-1.303161621093750
-1.688354492187500
0.264831542968750
2.110168457031250
-0.104125976562500
0.354187011718750
-0.600524902343750
0.094177246093750
-0.480651855468750
0.565673828125000
2.018615722656250
-0.410583496093750
0.902893066406250
-1.076538085937500
1.381286621093750
0.393127441406250
1.764892578125000
-1.067565917968750
0.481506347656250
-0.332336425781250
2.472045898437500
-0.099670410156250
1.059204101562500
-0.648010253906250
1.466552734375000
1.823547363281250
0.503906250000000
1.085510253906250
-0.414672851562500
-0.379516601562500
-1.044189453125000
1.483398437500000
-0.039978027343750
0.757202148437500
-0.957519531250000
-1.264038085937500
-0.337036132812500
-0.332824707031250
-1.483642578125000
-0.964965820312500
0.803283691406250
1.209655761718750
-0.918151855468750
-0.556579589843750
0.049560546875000
-0.630493164062500
-3.073974609375000
-0.828247070312500
-0.548339843750000
0.346801757812500
-0.722167968750000
0.133666992187500
0.681091308593750
0.537414550781250
-0.380065917968750
0.475585937500000
0.186279296875000
0.351501464843750
-1.194885253906250
-1.546264648437500
0.361938476562500
0.532470703125000
-1.355285644531250
-0.077026367187500
0.670532226562500
1.550537109375000
-0.666687011718750
-0.230895996093750
0.277832031250000
-0.068908691406250
-0.604431152343750
-0.637145996093750
-0.263732910156250
-0.550109863281250
-1.421875000000000
0.811218261718750
0.722290039062500
0.350097656250000
-2.028320312500000
1.361022949218750
0.043945312500000
-1.181030273437500
0.639465332031250
-0.593383789062500
-0.077514648437500
-0.336303710937500
0.379394531250000
1.367797851562500
-1.113403320312500
1.329406738281250
1.444030761718750
0.992675781250000
0.012878417968750
0.994628906250000
0.127075195312500
-0.600219726562500
-1.787719726562500
-0.735412597656250
0.901245117187500
-0.125244140625000
-2.511718750000000
0.118286132812500
0.145629882812500
-0.709899902343750
0.334838867187500
-0.051574707031250
-1.447814941406250
-1.449645996093750
0.740356445312500
1.050659179687500
-0.859985351562500
1.152404785156250
0.656555175781250
-0.582092285156250
-1.615417480468750
-0.891601562500000
0.239929199218750
-0.790161132812500
1.118286132812500
0.003723144531250
0.572021484375000
1.492187500000000
0.132263183593750
0.244445800781250
0.577087402343750
1.029174804687500
-1.049987792968750
0.598937988281250
-0.442199707031250
-0.760498046875000
1.002441406250000
1.299255371093750
